0.0101    0.0306853286317    0.0113658812856    0.00879425375284    0.0188871101029    
0.0201    0.0526837433402    0.0201429443004    0.0133825600587    0.0287010006465    
0.0301    0.0813730496788    0.0312457905745    0.0185378122586    0.0405252838622    
0.0401    0.112901768012    0.0414764681264    0.0249324345527    0.0530902380623    
0.0501    0.150249875284    0.0582830209653    0.0329487857996    0.0698611453525    
0.0601    0.189256648968    0.0749096024806    0.0425868659995    0.0857591189825    
0.0701    0.227757388832    0.0985135337742    0.0546509472347    0.106603716687    
0.0801    0.26926621863    0.124318652795    0.0639330381522    0.127421861857    
0.0901    0.317648674493    0.15344631933    0.0800316645873    0.155831884616    
0.1001    0.384192121925    0.190243533042    0.0957347473754    0.184268359911    
0.1101    0.467504967916    0.232398354619    0.112716754622    0.20416066635    
0.1201    0.564044975723    0.268544902776    0.121629671469    0.20410776128    
0.1301    0.712917314495    0.318466179165    0.130147044669    0.190484705673    
0.1401    0.903439048015    0.365535602273    0.139007222363    0.189294341591    
0.1501    1.06146216504    0.40782886333    0.151018564445    0.198923064389    
0.1601    1.25083126597    0.456850283101    0.155633240328    0.197759152842    
0.1701    1.4548753477    0.522789007295    0.167815984657    0.192971243978    
0.1801    1.59825159692    0.58346703126    0.177625467104    0.197177197068    
0.1901    1.73104330539    0.642206902508    0.188146928116    0.196806861576    
0.2001    1.8589152406    0.694246302938    0.195622703045    0.194611301158    
0.2101    1.96263811736    0.76047575004    0.204258739339    0.190193727787    
0.2201    2.08092352297    0.826663665298    0.212776112539    0.189611772013    
0.2301    2.1669492725    0.893377650578    0.221662659809    0.18662263554    
0.2401    2.21368711844    0.963261899945    0.225328030939    0.185273556247    
0.2501    2.26126835409    1.03199710163    0.233397121339    0.180194669497    
0.2601    2.32798047946    1.08824506224    0.239251167315    0.17815782429    
0.2701    2.45298488969    1.14021524293    0.240450983044    0.176729387391    
0.2801    2.5845255701    1.16334848    0.243892212774    0.182839923013    
0.2901    2.59536312776    1.15695257603    0.242217744668    0.187125233708    
0.3001    2.43138005684    1.10197825863    0.223534899739    0.18826269272    
0.3101    2.28533307357    1.06448884752    0.207251686268    0.174745447254    
0.3201    2.29957230302    1.08586390319    0.202109618857    0.16821167107    
0.3301    2.353268114    1.09041856207    0.200118715833    0.160804961226    
0.3401    2.40599402683    1.09594229732    0.195794105292    0.153609871663    
0.3501    2.47946732631    1.09479324963    0.193684539174    0.149985874346    
0.3601    2.55956123494    1.12253652137    0.194449256892    0.146970285338    
0.3701    2.63467914433    1.14348241465    0.190928918433    0.14636187703    
0.3801    2.69690724779    1.19401282475    0.190243309445    0.140648129436    
0.3901    2.73616703839    1.25963313815    0.193064854127    0.139510670424    
0.4001    2.80598564916    1.32793917744    0.195635887833    0.135357622404    
0.4101    2.97233021124    1.45546962617    0.207950480045    0.1372357524    
0.4201    2.95683995373    1.61906355937    0.231880870691    0.14466891478    
0.4301    2.73747429243    1.76673695239    0.263142003597    0.157921634894    
0.4401    2.49100770873    1.9066715785    0.291673885338    0.169111057266    
0.4501    2.27858595597    2.02530036868    0.319572897243    0.175856453731    
0.4601    2.17365422063    2.15143257866    0.349067268525    0.176279694294    
0.4701    2.07490734311    2.29478665992    0.369675092537    0.167814883043    
0.4801    1.96841533682    2.38639206365    0.395227212137    0.164296695867    
0.4901    1.85593526366    2.4953716221    0.421834114795    0.165857395441    
0.5001    1.74057360902    2.60383895446    0.449878159371    0.169534297828    
0.5101    1.75493934693    2.73174318978    0.467413927724    0.172444076696    
0.5201    1.71255901444    2.92000703826    0.489340230559    0.161122391648    
0.5301    1.50241441387    3.12532663065    0.553022757735    0.157048701234    
0.5401    1.27326543203    3.24280637315    0.636152847557    0.163450214742    
0.5501    1.06400639065    3.34944630438    0.747406090686    0.170751114446    
0.5601    0.890886597964    3.42247312994    0.882906159378    0.182337324845    
0.5701    0.728379459021    3.3520489666    1.05072214404    0.19318286426    
0.5801    0.582529266679    3.12804004445    1.25359648061    0.20421357142    
0.5901    0.466422617802    2.82171500766    1.47313638951    0.225163979266    
0.6001    0.37658755812    2.4847256261    1.6702753432    0.23923672797    
0.6101    0.316285194478    2.17226772036    1.87983436741    0.265398285241    
0.6201    0.270896772053    1.9206678099    2.05177719079    0.281798857039    
0.6301    0.234504506443    1.71653879704    2.20787189871    0.307299100931    
0.6401    0.197606207012    1.51852880919    2.33757066058    0.316292962885    
0.6501    0.165023251552    1.34826209307    2.44001646516    0.329783755816    
0.6601    0.140171368354    1.19507880875    2.56014307077    0.350654806055    
0.6701    0.123781495159    1.059837281    2.68315714501    0.3798054998    
0.6801    0.102218831796    0.918656699578    2.81756287628    0.42083338183    
0.6901    0.0870940431529    0.774859611985    2.97112610485    0.485483377756    
0.7001    0.0771139316876    0.649128876496    3.08918269871    0.598065367389    
0.7101    0.0729672656564    0.545742273035    3.06904952708    0.700568941127    
0.7201    0.0662201480459    0.456642623882    2.99450273439    0.802913799653    
0.7301    0.058966996615    0.398262695281    2.90848517595    0.881636544284    
0.7401    0.0518684666291    0.342623868379    2.81863084413    0.949169866542    
0.7501    0.0440389989022    0.301894973443    2.71780676849    1.03096110525    
0.7601    0.0395268640003    0.265914552661    2.5951882379    1.11759315789    
0.7701    0.0339464354768    0.230598641383    2.48015096055    1.19541651633    
0.7801    0.030825893582    0.207091617725    2.35978702875    1.28911139586    
0.7901    0.0304885377015    0.189662087227    2.25341215727    1.37074391936    
0.8001    0.0265667755905    0.172620187273    2.15220572278    1.44748272385    
0.8101    0.0238538720514    0.159205401687    2.03213185632    1.51366696682    
0.8201    0.0236008551411    0.150068396025    1.93203294404    1.56681010995    
0.8301    0.0213377594425    0.13835641604    1.82295519097    1.62325981998    
0.8401    0.0201851268508    0.130354614112    1.72489992087    1.69097830998    
0.8501    0.0205505957214    0.126796719483    1.63906694945    1.73594761975    
0.8601    0.0210847425321    0.122532783507    1.54640425774    1.75568121098    
0.8701    0.0218437932633    0.122602003247    1.45304277224    1.82485459042    
0.8801    0.0214923808878    0.118836449399    1.35072881554    1.84847670431    
0.8901    0.0203678612861    0.11281433203    1.24583064034    1.89677903351    
0.9001    0.0184421214681    0.103151256345    1.14159170455    1.95060994255    
0.9101    0.0154902575136    0.0924083527183    1.02949463498    1.97857027222    
0.9201    0.012439998094    0.080391805878    0.910594214673    2.01782583439    
0.9301    0.0114982129275    0.0709917652045    0.805788332992    2.02459768339    
0.9401    0.0100363374453    0.06514961916    0.712598249746    2.02711067423    
0.9501    0.0112451960172    0.0659387241944    0.660847955923    1.99782771781    
0.9601    0.011793399323    0.066630921593    0.618590709629    1.98251169995    
0.9701    0.0126367890242    0.0683337271937    0.586498935065    1.93682817174    
0.9801    0.0136910261509    0.0701611283261    0.572879048818    1.90492641434    
0.9901    0.0166428901054    0.0750203540645    0.557518770524    1.85903126584    
1.0001    0.0181469350726    0.0802533663983    0.529949378324    1.80107376131    
1.0101    0.0217594542932    0.0826206815017    0.48844366496    1.73602697735    
1.0201    0.0227855784298    0.0820392356867    0.430035053078    1.68277802408    
1.0301    0.0234040642107    0.0772630736361    0.370439810255    1.61233492295    
1.0401    0.0241490584468    0.0747711630011    0.324886366903    1.52649644637    
1.0501    0.0275928997271    0.0747019432612    0.290197189056    1.43407128852    
1.0601    0.0310086280173    0.0797134524273    0.26588443955    1.34312747265    
1.0701    0.0323299385494    0.0805856211496    0.245092028503    1.27731356518    
1.0801    0.0343962433174    0.07935350978    0.226409183574    1.20639431842    
1.0901    0.0384866833688    0.0798103600632    0.204667467774    1.14449538615    
1.1001    0.0392738470899    0.0780660226185    0.18535175301    1.08651142908    
1.1101    0.0404967621568    0.0758925227869    0.171639573245    1.01538056204    
1.1201    0.0425068409449    0.0762109335902    0.155870566516    0.980172237746    
1.1301    0.0435189085863    0.0774845768037    0.145269996775    0.922823141523    
1.1401    0.0484386818439    0.0780937105145    0.134076111563    0.868542539379    
1.1501    0.0515592237386    0.0769446628327    0.128683533175    0.832117398467    
1.1601    0.0562681495709    0.0785782486936    0.121787888928    0.796909074171    
1.1701    0.0546516526433    0.0765155004456    0.114272559634    0.781857581666    
1.1801    0.0488041507144    0.0695243067194    0.113441917975    0.761277509313    
1.1901    0.0340026614569    0.0580753617458    0.110145720917    0.767705475357    
1.2001    0.0231791602904    0.0421548215772    0.0998879556696    0.78577255687    
1.2101    0.0152653535933    0.0312596345226    0.086953678411    0.760563290864    
1.2201    0.0105985972462    0.0227317625712    0.0745863470463    0.712842917439    
1.2301    0.00995199847514    0.0213196798782    0.0681521703876    0.671259532171    
1.2401    0.00898210031875    0.0201567882484    0.0656997997759    0.631845254785    
1.2501    0.00895398732864    0.0188416131909    0.0630232877641    0.593753604157    
1.2601    0.00850417948796    0.0192153997863    0.0567868829289    0.558360112116    
1.2701    0.0079138066971    0.0180386642085    0.0555870671995    0.522543379512    
1.2801    0.00711258648083    0.0159343841167    0.0494956950348    0.484451728884    
1.2901    0.00603023636419    0.01427311036    0.044630508176    0.439561776721    
1.3001    0.00580533244389    0.0119888589444    0.0404113759408    0.400306214547    
1.3101    0.00545392006827    0.0129856231985    0.0365218634114    0.370044514326    
1.3201    0.00604429285924    0.0119334831525    0.0350056127644    0.352903271543    
1.3301    0.00580533244388    0.0123626455397    0.0334893621173    0.337322728335    
1.3401    0.00618485780944    0.0126118366032    0.032632350882    0.321054419213    
1.3501    0.00639570523469    0.0125979926553    0.0341222319526    0.312457345287    
1.3601    0.00695796503569    0.0133594097937    0.0337266883056    0.296850349544    
1.3701    0.00737965988621    0.0135809129613    0.0347155474232    0.294390263774    
1.3801    0.007196925451    0.0125149289674    0.032632350882    0.281904667179    
1.3901    0.00690173905553    0.0135947569093    0.0315775678232    0.269524880725    
1.4001    0.00683145658042    0.0143838619437    0.0312611329056    0.260134230744    
1.4101    0.00770295927171    0.0153667822498    0.0315775678232    0.248733188091    
1.4201    0.0077732417469    0.0142869543079    0.0315775678232    0.247622181614    
1.4301    0.0087431399033    0.0139546995566    0.0313534264232    0.238231531633    
1.4401    0.0086166314482    0.0145361453714    0.0313006872703    0.231565492773    
1.4501    0.00903832629874    0.0146053651113    0.0301931650585    0.219899924769    
1.4601    0.00908049578386    0.0149376198626    0.0303645673055    0.211011872956    
1.4701    0.00898210031874    0.0159066962208    0.0304304912468    0.204001951139    
1.4801    0.00946002114942    0.0164466101917    0.0305095999762    0.201674128045    
1.4901    0.0102331283757    0.0160866675444    0.0304964151879    0.195299067072    
1.5001    0.0109921791068    0.0166127375673    0.0301536106938    0.18569679681    
1.5101    0.0107251057014    0.0179417565727    0.0302459042115    0.181120508227    
1.5201    0.0108797271465    0.0159066962208    0.0293097842467    0.171809215851    
1.5301    0.010486145286    0.0164466101916    0.0287428383527    0.168158766    
1.5401    0.0114279304525    0.016266638868    0.0270551854586    0.16159853728    
1.5501    0.0103736933258    0.01529756251    0.0263300221056    0.151916909413    
1.5601    0.0107251057013    0.0169034604748    0.0260399567644    0.143743076049    
1.5701    0.0107110492064    0.0169034604747    0.0252356846821    0.141679778306    
1.5801    0.0114138739574    0.0156436612093    0.0259081088821    0.135066644517    
1.5901    0.0110202920968    0.015795944637    0.0242336407763    0.133982090575    
1.6001    0.0112873655022    0.0155605975214    0.0244973365409    0.125675994536    
1.6101    0.0110624615819    0.0159066962207    0.0236930644586    0.119248028492    
1.6201    0.0113154784923    0.0157267248971    0.0230865641998    0.115782746387    
1.6301    0.0106407667312    0.0156575051573    0.0220977050822    0.110703859636    
1.6401    0.0119199077782    0.0154221580417    0.0209769980822    0.106762431898    
1.6501    0.0116668908678    0.0159759159605    0.0220845202939    0.101895165429    
1.6601    0.011188970037    0.0164189222957    0.0207528566821    0.101392567261    
1.6701    0.0127773539745    0.0158236325329    0.0207924110469    0.0983769782528    
1.6801    0.0120042467483    0.0160866675444    0.0207001175292    0.0929542085454    
1.6901    0.0115684954027    0.0151175911863    0.020238649941    0.0907057430569    
1.7001    0.0127070714995    0.0159343841167    0.0199353998115    0.0857062139121    
1.7101    0.0111749135419    0.0147991803829    0.019566225741    0.0831667705369    
1.7201    0.0111749135421    0.0148407122269    0.0186432905645    0.0754690828059    
1.7301    0.0114560434425    0.0144530816836    0.017997235941    0.0757865132278    
1.7401    0.0107672751864    0.0140931390363    0.0178522032704    0.073987740837    
1.7501    0.0107391621964    0.0143284861518    0.0170743007646    0.0698082402821    
1.7601    0.0103877498208    0.0136501327012    0.017324811741    0.0675597747937    
1.7701    0.00946002114948    0.0135809129613    0.0151756912588    0.0637241571957    
1.7801    0.00990982899013    0.0124733971235    0.0155712349057    0.0622163626917    
1.7901    0.0103315238407    0.0123072697478    0.0154262022352    0.0597033718516    
1.8001    0.00996605497026    0.0120165468404    0.0156635284233    0.0582484824181    
1.8101    0.00950219063447    0.0127918079269    0.0145164518469    0.0563174473515    
1.8201    0.00893993083365    0.0123488015917    0.0138835820116    0.0531695956676    
1.8301    0.0102050153855    0.0130409989903    0.0145691909999    0.0523760196129    
1.8401    0.00955841661463    0.0118088876208    0.0138572124352    0.0499423863784    
1.8501    0.00974115104983    0.0117950436728    0.0138440276469    0.0467945346946    
1.8601    0.00971303805981    0.0121826742161    0.0136067014587    0.0470061549758    
1.8701    0.00958652960465    0.0119334831526    0.0127101358587    0.0445989742765    
1.8801    0.00944596465441    0.0115873844532    0.0126573967058    0.0456306231476    
1.8901    0.00964275558478    0.0119888589445    0.0126442119175    0.0435673254053    
1.9001    0.00953030362447    0.0108674991586    0.0126046575528    0.0419008156904    
1.9101    0.0088696483585    0.0115043207654    0.0116817223763    0.03933491978    
1.9201    0.00889776134862    0.0115043207654    0.0114180266116    0.0380651980924    
1.9301    0.00927728671412    0.0107705915228    0.0114048418234    0.0365309510533    
1.9401    0.00913672176397    0.0117396678809    0.0116157984352    0.0350496090844    
1.9501    0.00877125289343    0.0107844354708    0.0113916570352    0.0335418145804    
1.9601    0.00857446196302    0.0107290596789    0.010481906647    0.0339915076781    
1.9701    0.00878530938844    0.0110197825863    0.0106664936822    0.0335682671156    
1.9801    0.00946002114944    0.0109505628465    0.00994133032939    0.0322191878224    
1.9901    0.00923511722911    0.0103275851877    0.0107324176234    0.0315314219084    
2.0001    0.00920700423905    0.0106183080951    0.0102313956705    0.0291506937441    
2.0101    0.00881342237842    0.0104244928235    0.00999406948218    0.0280661398027    
2.0201    0.00865880093323    0.0105490883553    0.00936119964706    0.0270609434667    
2.0301    0.00898210031872    0.0101060820201    0.00908431909398    0.0279867821972    
2.0401    0.00885559186345    0.0102860533438    0.00891291684696    0.0276164467051    
2.0501    0.00941785166445    0.0102445214999    0.00920298218816    0.0258176743142    
2.0601    0.00943190815933    0.00926160119372    0.00895247121164    0.0277487093808    
2.0701    0.00924917372408    0.00977382726887    0.00933483007054    0.0245215000915    
2.0801    0.00958652960465    0.0100230183323    0.00887336248228    0.0238601867126    
2.0901    0.0089118178436    0.00969076358096    0.00838552531757    0.0242040696696    
2.1001    0.00944596465447    0.00996764254041    0.00814819912933    0.0237279240368    
2.1101    0.00927728671412    0.00963538778908    0.00825367743519    0.0231988733336    
2.1201    0.00888370485352    0.00937235277752    0.00800316645875    0.0218497940406    
2.1301    0.00919294774402    0.00995379859244    0.00846463404694    0.0213207433373    
2.1401    0.00886964835855    0.00894319039048    0.00775265548236    0.0212149331968    
2.1501    0.00834955804276    0.00946926041329    0.00780539463519    0.0203155470014    
2.1601    0.00858851845809    0.00906778592223    0.00755488365873    0.0198923064389    
2.1701    0.00832144505263    0.00934466488163    0.00857011235289    0.0200774741849    
2.1801    0.00867285742829    0.00898472223438    0.00722526395286    0.0194955184116    
2.1901    0.0083355015477    0.00887397065056    0.0072516335293    0.0201039267201    
2.2001    0.00844795350792    0.00948310436134    0.0072252639529    0.0193632557357    
2.2101    0.00770295927176    0.0089155024945    0.00685608988226    0.017247052923    
2.2201    0.00872908340833    0.00886012670256    0.00751532929406    0.016903169966    
2.2301    0.00853229247796    0.00791873824046    0.00675061157649    0.0171941478527    
2.2401    0.00812465412239    0.00780798665667    0.00701430734102    0.0154482805323    
2.2501    0.00753428133157    0.00794642613636    0.00623640483523    0.0166915496847    
2.2601    0.00809654113235    0.00761417138505    0.00681653551767    0.0162947616574    
2.2701    0.0080684281423    0.00829252483569    0.00663194848226    0.015739258419    
2.2801    0.00788569370701    0.00845865221131    0.00615729610575    0.0152631127862    
2.2901    0.00743588586638    0.00751726374927    0.00614411131763    0.0151043975753    
2.3001    0.00757645081657    0.00721269689386    0.0054321327529    0.014892777294    
2.3101    0.00763267679664    0.00790489429244    0.00588041555289    0.0151573026455    
2.3201    0.00788569370707    0.00773876691673    0.00568264372934    0.0139933910987    
2.3301    0.00754833782649    0.00782183060471    0.00557716542344    0.0133585302548    
2.3401    0.00700013452065    0.00726807268569    0.00573538288236    0.0134114353251    
2.3501    0.00700013452068    0.00696350583032    0.00516843698814    0.0124591440594    
2.3601    0.00757645081655    0.0073788242695    0.00561671978826    0.0135966030713    
2.3701    0.00697202153059    0.00696350583028    0.00576175245871    0.0123004288485    
2.3801    0.00629730976968    0.00693581793443    0.00481244770583    0.0114804002586    
2.3901    0.00671900462024    0.00708810136205    0.00503658910582    0.0120359034969    
2.4001    0.00674711761026    0.00672815871474    0.00522117614114    0.0114274951882    
2.4101    0.00680334359039    0.00607749316007    0.00516843698822    0.0116920205399    
2.4201    0.0064238182248    0.00647896765126    0.00470696939993    0.0112687799773    
2.4301    0.00633947925469    0.0063543721195    0.00495748037636    0.0108719919499    
2.4401    0.00664872214519    0.00676969055866    0.00449601278825    0.0105016564577    
2.4501    0.00604429285924    0.00607749316008    0.0049179260117    0.010554561528    
2.4601    0.00567882398861    0.00598058552433    0.00419276265877    0.0094171025163    
2.4701    0.00604429285924    0.00636821606739    0.00457512151757    0.00986679561395    
2.4801    0.00570693697872    0.00591136578441    0.00396862125884    0.00854416885605    
2.4901    0.00583344543386    0.00593905368032    0.00424550181173    0.0104222988522    
2.5001    0.0055101460484    0.00535760786548    0.00432461054109    0.00931129237564    
2.5101    0.00555231553352    0.00568986261684    0.00427187138819    0.00872933660219    
2.5201    0.00552420254339    0.00526070022965    0.00367855591764    0.00891450434823    
2.5301    0.00521495965297    0.00568986261681    0.00387632774112    0.00793576054738    
2.5401    0.00539769408822    0.0050253531141    0.00387632774116    0.00825319096933    
2.5501    0.0049619427426    0.00488691363446    0.00365218634114    0.00857062139121    
2.5601    0.00461053036701    0.0052191683857    0.00308524044705    0.00759187759035    
2.5701    0.00465269985213    0.00553757918914    0.0031511643882    0.00820028589902    
2.5801    0.00403421407113    0.00524685628166    0.0034939688823    0.00640151350821    
2.5901    0.00389364912096    0.005080728906    0.0035598928235    0.00772414026616    
2.6001    0.00439968294169    0.00502535311407    0.00350715367052    0.00703637435202    
2.6101    0.00394987510109    0.00487306968646    0.00333575142348    0.00740670984429    
2.6201    0.00418883551636    0.00494228942636    0.00307205565883    0.00716863702781    
2.6301    0.00449807840686    0.00492844547829    0.00311161002351    0.00587246280509    
2.6401    0.00400610108108    0.00495613337425    0.00337530578824    0.00669249139496    
2.6501    0.00386553613089    0.00485922573839    0.00319071875284    0.00611053562153    
2.6601    0.00382336664588    0.00484538179055    0.00309842523533    0.00605763055117    
2.6701    0.00417477902134    0.00502535311409    0.00324345790584    0.00568729505898    
2.6801    0.00352818025035    0.00488691363439    0.003085240447    0.00507888675034    
2.6901    0.00309242890477    0.00452697098704    0.00266332722351    0.00544922224261    
2.7001    0.00369685819065    0.00491460153041    0.00266332722347    0.00587246280506    
2.7101    0.00403421407117    0.00404243280803    0.00287428383527    0.00521114942612    
2.7201    0.00366874520063    0.00443006335129    0.00288746862353    0.00587246280513    
2.7301    0.0042169485064    0.00470694231073    0.00267651201175    0.00531695956676    
2.7401    0.00341572829018    0.00470694231075    0.00271606637643    0.00534341210188    
2.7501    0.00364063221052    0.00459619072696    0.00253147934117    0.00476145632847    
2.7601    0.00335950231015    0.00445775124726    0.00299294692939    0.00481436139875    
2.7701    0.00319082436989    0.00418087228782    0.00296657735284    0.00386207013306    
2.7801    0.00358440623044    0.00418087228776    0.00226778357648    0.00439112083623    
2.7901    0.00328921983501    0.00433315571547    0.00254466412941    0.00447047844173    
2.8001    0.00378119716076    0.00437468755936    0.00214912048232    0.00449693097689    
2.8101    0.00312054189475    0.00398705701625    0.00203045738818    0.00454983604717    
2.8201    0.00328921983506    0.00445775124714    0.00214912048236    0.00452338351201    
2.8301    0.00348601076532    0.00394552517228    0.00254466412939    0.00481436139877    
2.8401    0.00272696003414    0.00436084361145    0.00228096836463    0.00417950055498    
2.8501    0.00306431591477    0.00440237545535    0.00241281624705    0.00402078534398    
2.8601    0.00313459838978    0.00418087228778    0.00210956611764    0.00357109224638    
2.8701    0.00278318601419    0.0039455251722    0.00207001175292    0.00388852266826    
2.8801    0.00316271137987    0.00398705701626    0.00205682696474    0.00396788027363    
2.8901    0.00302214642961    0.00382092964047    0.00246555539995    0.00320075675415    
2.9001    0.00300808993458    0.00415318439183    0.00193816387054    0.00388852266824    
2.9101    0.0025723385889    0.00362711436888    0.00228096836472    0.00333301942989    
2.9201    0.00257233858887    0.0038070856925    0.00191179429412    0.00328011435959    
2.9301    0.00262856456902    0.0035163627851    0.00218867484704    0.00298913647287    
2.9401    0.00244583013376    0.00354405068096    0.00168765289412    0.00325366182445    
2.9501    0.00233337817356    0.00353020673307    0.0018986095058    0.00298913647284    
2.9601    0.00272696003417    0.00382092964054    0.0017403920471    0.00280396872679    
2.9701    0.00251611260889    0.00312873224182    0.00196453344706    0.00309494661348    
2.9801    0.00199602229299    0.00371017805672    0.00188542471758    0.0022749180236    
2.9901    0.00193979631293    0.00382092964048    0.00166128331762    0.00232782309391    
3.0001    0.00215064373827    0.00393168122422    0.00154262022352    0.00232782309391    
3.0101    0.00198196579807    0.00357173857705    0.00177994641176    0.00214265534777    
3.0201    0.00233337817351    0.00344714304515    0.00181950077646    0.00261880098068    
3.0301    0.00209441775825    0.00364095831682    0.00159535937642    0.00190458253137    
3.0401    0.00191168332293    0.00321179592974    0.0017799464117    0.00227491802359    
3.0501    0.00150404496724    0.00333639146146    0.00143714191764    0.00185167746107    
3.0601    0.00165866641256    0.00315642013776    0.00146351149412    0.00185167746107    
3.0701    0.001967909303    0.003031824606    0.00147669628239    0.0019310350665    
3.0801    0.00139159300716    0.0032533277737    0.00125255488233    0.00222201295327    
3.0901    0.00199602229302    0.0034056112013    0.00137121797644    0.00185167746109    
3.1001    0.00156027094735    0.00317026408572    0.00150306585885    0.00166650971497    
3.1101    0.0013634800171    0.00287954117834    0.00148988107056    0.00174586732043    
3.1201    0.00127914104694    0.00311488829389    0.0014635114941    0.0013226267579    
3.1301    0.00133536702709    0.00276878959464    0.00137121797649    0.00121681661726    
3.1401    0.00115263259176    0.00300413671003    0.00118663094112    0.00124326915246    
3.1501    0.00129319754197    0.00276878959457    0.00117344615291    0.00140198436336    
3.1601    0.00113857609668    0.00261650616683    0.00108115263525    0.00119036408208    
3.1701    0.000913672176437    0.002547286427    0.00114707657651    0.00105810140634    
3.1801    0.00106829362165    0.00292107302227    0.00119981572945    0.000899386195367    
3.1901    0.00105423712657    0.00243653484321    0.00110752221177    0.00119036408207    
3.2001    0.00118074558178    0.00238115905132    0.00104159827057    0.00113745901182    
3.2101    0.0009136721764    0.00261650616689    0.000962489541148    0.000820028589889    
3.2201    0.000955841661465    0.00286569723031    0.000883380811771    0.00119036408214    
3.2301    0.000927728671428    0.00213196798784    0.00105478305881    0.00100519633602    
3.2401    0.0011104631067    0.00229809536353    0.000777902505913    0.0011374590118    
3.2501    0.000688768256048    0.00238115905129    0.000725163352932    0.000793576054766    
3.2601    0.0010401806316    0.00225656351955    0.000698793776409    0.00103164887115    
3.2701    0.000815276711243    0.00224271957164    0.000975674329388    0.000581955773454    
3.2801    0.000744994236122    0.00202121640404    0.000777902505871    0.000714218449251    
3.2901    0.000787163721242    0.00168896165271    0.000698793776452    0.000872933660189    
3.3001    0.000941785166401    0.00229809536347    0.000949304752972    0.000714218449269    
3.3101    0.000871502691335    0.00233962720733    0.000606500258792    0.000555503238294    
3.3201    0.000773107226196    0.0019796845601    0.000804272082351    0.000634860843809    
3.3301    0.000590372790927    0.00175818139256    0.000777902505892    0.000608408308613    
3.3401    0.000787163721187    0.00185508902837    0.00056694589405    0.000423240562552    
3.3501    0.000520090315715    0.00177202534053    0.000527391529415    0.00058195577349    
3.3601    0.000393581860612    0.00149514638102    0.000593315470594    0.000714218449233    
3.3701    0.000744994236196    0.00155052217297    0.000672424200014    0.000502598167993    
3.3801    0.000548203305826    0.00168896165264    0.000685608988233    0.000502598168012    
3.3901    0.000421694850649    0.00170280560073    0.000369174070554    0.000529050703171    
3.4001    0.000506033820797    0.00148130243305    0.000461467588214    0.000396788027374    
3.4101    0.000393581860575    0.00170280560064    0.000566945894114    0.000423240562533    
3.4201    0.000323299385473    0.00117673557771    0.000395543647013    0.000317430421914    
3.4301    0.000407638355621    0.00138439479726    0.000514206741153    0.000370335492196    
3.4401    0.000351412375529    0.00127364321355    0.000263695764697    0.000264525351595    
3.4501    0.000407638355658    0.00127364321348    0.000369174070575    0.000396788027374    
3.4601    0.000562259800817    0.00119057952566    0.000408728435253    0.000343882957073    
3.4701    0.000267073405417    0.00116289162967    0.000435098011734    0.000423240562533    
3.4801    0.000281129900408    0.00117673557766    0.000210956611736    0.000317430421914    
3.4901    0.000267073405362    0.00091370056616    0.000303250129396    0.000185167746116    
3.5001    8.43389701116e-05    0.000553757918836    0.000224141399976    0.000158715210939    
